	5	2	8	10	12	4	9
5	0.7403094772615137	1.3844173695538042	0.40456878018475134	-0.21039228054141113	-1.4555965007868479	0.7298470496778572	0.14901770004255252
2	1.3844173695538013	0.8221511011734037	0.5879617442360194	0.2053268664625329	-1.344694274059012	0.9557285361835269	0.19643081875068077
8	0.4045687801847493	0.5879617442360194	-0.32833541302894004	-0.6539351569483137	-2.0568482200773612	0.5327886685997879	-0.6557610324553923
10	-0.21039228054141113	0.2053268664625329	-0.6539351569483137	1.5649129355810707	-0.33167818192597226	0.24096321892051958	0.5453869158088929
12	-1.4555965007868479	-1.344694274059012	-2.0568482200773612	-0.33167818192597226	1.5649129355810707	-1.0203040483653512	-2.071102110121831
4	0.7298470496778572	0.9557285361835269	0.5327886685997879	0.24096321892051958	-1.0203040483653512	1.4205279103413577	0.19317819561529553
9	0.14901770004255252	0.19643081875068077	-0.6557610324553923	0.5453869158088929	-2.071102110121831	0.19317819561529553	1.5649129355810707
