	8	5	4	11	12	2
8	0.9257491513244624	0.15885016873168342	-0.14522824929532166	-1.0278295210579742	-0.721114830221089	0.991897141245204
5	0.15885016873168342	1.642846356551607	-1.537795318723139	0.6227555189283925	-1.2356355973767386	-0.09678930883167212
4	-0.14522824929532166	-1.537795318723139	1.642846356551607	0.5213309363799006	-1.620605350883819	-0.46515009743696006
11	-1.0278295210579742	0.6227555189283925	0.5213309363799006	1.642846356551607	0.10053863718612953	0.7862310535044794
12	-0.721114830221089	-1.2356355973767386	-1.620605350883819	0.10053863718612953	1.642846356551607	-0.7677548925821392
2	0.991897141245204	-0.09678930883167212	-0.46515009743696006	0.7862310535044794	-0.7677548925821392	1.3754648433352363
