	8	5	4	11	12	2
8	0.911747978743057	0.10977782625078353	-1.2314086038953689	0.1332306854132485	0.14653370717057831	-0.5504875907681166
5	0.10977782625078353	1.3824143833379128	0.003985474932098463	0.0831726254329858	0.03734645821750115	-1.0005856623575153
4	-1.2314086038953689	0.003985474932098463	1.3824143833379128	0.9357981364452458	0.9230645497796363	-0.3440953395916028
11	0.1332306854132485	0.0831726254329858	0.9357981364452458	1.3824143833379128	-2.671245576338214	-0.3992866840872665
12	0.14653370717057831	0.03734645821750115	0.9230645497796363	-2.671245576338214	1.3824143833379128	-0.3043236963105849
2	-0.5504875907681166	-1.0005856623575153	-0.3440953395916028	-0.3992866840872665	-0.3043236963105849	1.8156418673184747
