	cellBC
125757	MI_MGH.CGGGCATTCGAACGCC
125758	MI_MGH.AACCCAACAATGGCCC
125759	MI_MGH.GTCTAGAAGCGGTAAC
125760	MI_MGH.CGATCGGAGTATTAGG
125763	MI_MGH.GTTGCGGTCAGCGCGT
125764	MI_MGH.GGACGTCCATAGTCGT
125765	MI_MGH.ATGAAAGTCGGTCTGG
125767	MI_MGH.GAAGGGTGTGGAACCA
125768	MI_MGH.GCTGAATAGCCTGCCA
125769	MI_MGH.TGTAACGTCTGCGGAC
125771	MI_MGH.AAGTCGTGTGTCCATA
125774	MI_MGH.CCTCATGAGCTTGTTG
125784	MI_MGH.CAACGATAGCATCCCG
125786	MI_MGH.CTGAGCGAGTCCCGGT
125789	MI_MGH.ACAGCCGAGGTACAGC
125797	MI_MGH.TTGCTGCTCGAAGTGG
125800	MI_MGH.AAGACTCCATAGACTC
125804	MI_MGH.AAGAACAGTCCTGGTG
125805	MI_MGH.TAAGCACAGCGTATGG
125813	MI_MGH.GTGGAGACACTAGAGG
125819	MI_MGH.TGTTGAGTCTCTTCAA
125821	MI_MGH.GCATGATGTTCCGGTG
125826	MI_MGH.TTGGGTAGTTGTGTAC
125827	MI_MGH.AGCCAATGTCATGCAT
125833	MI_MGH.GTAAGTCTCCAACCGG
125841	MI_MGH.TCAGGTAGTTGGGACA
125844	MI_MGH.TTCACGCGTGCATACT
125849	MI_MGH.CCCTTAGTCCCTAGGG
125865	MI_MGH.ATAGGCTTCCGCAACG
125872	MI_MGH.GTCAAGTGTCCGTACG
125873	MI_MGH.GGCTTTCTCGAGGCAA
125874	MI_MGH.ACTTTCACAAAGGTTA
125882	MI_MGH.CTTACCGGTGAGAGGG
125887	MI_MGH.GCCATGGGTTGCAACT
125891	MI_MGH.GTTAGACCACCCATAA
125896	MI_MGH.CTGTATTCAGGGAGAG
125914	MI_MGH.GGCAGTCGTACAAGCG
125922	MI_MGH.AGGATAAGTTACCTTT
125931	MI_MGH.AGGGAGTCATCTCATT
125939	MI_MGH.CCTATCGAGTCGCGAA
125995	MI_MGH.CTTCGGTTCACCTTGC
126010	MI_MGH.TTACCATCAGGCTCTG
126024	MI_MGH.GATGGAGTCAAACCTG
126035	MI_MGH.ATCCCTGAGACGCAGT
126041	MI_MGH.CTGAATGCATAACTCG
126058	MI_MGH.TATCTGTCAAATAGCA
126067	MI_MGH.TCGCTTGCAGTCTGGC
126070	MI_MGH.CAACCAATCTGGGCAC
126083	MI_MGH.TGCTCCAAGAGGCGTT
126104	MI_MGH.GTCGCGAAGAGTATAC
126114	MI_MGH.TAAGCGTCAGCTGTAT
126134	MI_MGH.ATACCTTGTGCAATAA
126152	MI_MGH.CAGGCCATCCTCTGCA
126180	MI_MGH.TCACACCCATTCTGTT
126189	MI_MGH.TTTGACTAGCTAGCCC
126238	MI_MGH.CGCCATTTCATGGTAC
126252	MI_MGH.AACACACCAGACAAAT
126354	MI_MGH.GAAGAATGTCACAATC
